15 0.830529 0.614183 0.050481 0.084135
15 0.932692 0.743990 0.033654 0.055288
15 0.554087 0.900240 0.031250 0.055288
15 0.350962 0.884615 0.052885 0.125000
15 0.128606 0.915865 0.040865 0.067308
15 0.183894 0.693510 0.045673 0.055288
15 0.044471 0.623798 0.040865 0.064904
15 0.25601 0.210337 0.055288 0.103365
15 0.352163 0.170673 0.036058 0.057692
15 0.658654 0.218750 0.048077 0.105769
15 0.913462 0.125000 0.038462 0.067308
15 0.913462 0.503606 0.038462 0.060096
15 0.518029 0.418269 0.036058 0.067308
15 0.360577 0.354567 0.038462 0.069712
15 0.11899 0.394231 0.074519 0.129808
