15 0.542067 0.513221 0.074519 0.074519
15 0.717548 0.510817 0.064904 0.055288
15 0.543269 0.703125 0.038462 0.045673
15 0.335337 0.716346 0.031250 0.043269
15 0.438702 0.721154 0.036058 0.038462
15 0.865385 0.722356 0.062500 0.055288
15 0.938702 0.695913 0.055288 0.060096
15 0.858173 0.875000 0.048077 0.062500
15 0.719952 0.885817 0.050481 0.036058
15 0.796875 0.379808 0.055288 0.057692
15 0.885817 0.442308 0.040865 0.033654
15 0.674279 0.362981 0.055288 0.057692
15 0.614183 0.336538 0.045673 0.048077
15 0.739183 0.419471 0.036058 0.036058
15 0.545673 0.263221 0.043269 0.050481
15 0.402644 0.230769 0.045673 0.038462
15 0.253606 0.241587 0.045673 0.060096
15 0.138221 0.097356 0.036058 0.040865
15 0.605769 0.205529 0.043269 0.036058
15 0.106971 0.679087 0.055288 0.055288
